Time: 370.2240357398987Best solution found:[[1137 1756  745 ...  502  558 1254]
 [ 745 1137 1654 ...  203  871  490]
 [ 966 1654 1137 ...  791  893 1254]
 ...
 [1671  745 1654 ... 1227  611 1127]
 [1671 1756 1137 ...  189 1607  490]
 [1671  745 1654 ... 1227  611 1127]]Function value: [[ 6.4770693  -0.43155894 -1.89797212]
 [ 6.50780138 -0.44698413 -1.9015873 ]
 [ 6.50671474 -0.44345616 -1.90279543]
 [ 6.80034586 -0.42748092 -1.90521628]
 [ 6.47933299 -0.43119848 -1.89917565]
 [ 6.52833802 -0.44761905 -1.9015873 ]
 [ 6.58767407 -0.44246662 -1.90400509]
 [ 6.90196656 -0.42138765 -1.90642903]
 [ 6.58767407 -0.44246662 -1.90400509]
 [ 6.88918608 -0.42011458 -1.90642903]]Constraint violation: [[0.]
 [0.]
 [0.]
 [0.]
 [0.]
 [0.]
 [0.]
 [0.]
 [0.]
 [0.]]