Time: 39012.11487722397Best solution found:[[1654  966 1756 ... 1217 1657  112]
 [1654  966 1756 ... 1217 1657  112]
 [1756 1137  966 ...  629 1175  930]
 ...
 [1137 1627  745 ...  557  422 1429]
 [1654 1756 1137 ...  492 1597 1110]
 [ 745 1671 1654 ... 1217 1657  570]]Function value: [[ 6.79859977  1.50421941 -1.90400509]
 [ 6.66531147  1.50632022 -1.90642903]
 [ 6.33405099  1.52250352 -1.90400509]
 [ 6.45147995  1.48825623 -1.8836478 ]
 [ 6.43624093  1.48963545 -1.87656642]
 [ 6.24024699  1.51414427 -1.89437065]
 [ 6.6607873   1.51159522 -1.90521628]
 [ 6.68813473  1.50562588 -1.90400509]
 [ 6.53546678  1.49114103 -1.89078283]
 [ 6.43141524  1.49       -1.87774295]
 [ 6.42336385  1.49039146 -1.8836478 ]
 [ 6.48578361  1.50140845 -1.9015873 ]
 [ 6.33519747  1.50211566 -1.89917565]
 [ 6.3335735   1.50317125 -1.90038071]
 [ 6.53318536  1.51370344 -1.90521628]
 [ 6.38494752  1.49682428 -1.89797212]
 [ 6.24138575  1.51587862 -1.89797212]
 [ 6.44034756  1.49078014 -1.88958991]
 [ 6.31778502  1.50600707 -1.89556962]
 [ 6.49441392  1.49222065 -1.89437065]
 [ 6.5167923   1.4971831  -1.9015873 ]
 [ 6.66231331  1.50772472 -1.90642903]
 [ 6.28272074  1.51726568 -1.90038071]
 [ 6.48946845  1.49964814 -1.90279543]
 [ 6.45096049  1.4886202  -1.88483323]
 [ 6.44692453  1.49041874 -1.88839849]
 [ 6.48632788  1.49929577 -1.9015873 ]
 [ 6.26029831  1.51269394 -1.89917565]
 [ 6.44829204  1.48934659 -1.88720857]
 [ 6.44829204  1.48898365 -1.88602015]
 [ 6.36320595  1.49327672 -1.8931732 ]
 [ 6.41079999  1.49148936 -1.88958991]
 [ 6.27705041  1.50637394 -1.89197726]
 [ 6.46323564  1.49257951 -1.89556962]
 [ 6.45586216  1.49293785 -1.89677011]
 [ 6.33702041  1.50035236 -1.90038071]
 [ 6.46791661  1.50422535 -1.9015873 ]
 [ 6.36201008  1.49362606 -1.89197726]
 [ 6.4072122   1.49182658 -1.88602015]
 [ 6.49117596  1.49824068 -1.90279543]
 [ 6.43157333  1.49294781 -1.89917565]
 [ 6.41451318  1.49184975 -1.89078283]
 [ 6.43614445  1.49005682 -1.88720857]
 [ 6.37811167  1.492569   -1.8931732 ]
 [ 6.25370298  1.50847458 -1.89677011]
 [ 6.40741181  1.49112846 -1.88839849]
 [ 6.42691543  1.49004267 -1.88483323]
 [ 6.67264296  1.5059733  -1.90521628]
 [ 6.34175273  1.51864884 -1.90279543]
 [ 6.3379355   1.51969058 -1.90400509]
 [ 6.27286776  1.50916784 -1.89917565]
 [ 6.25259592  1.5109386  -1.89797212]
 [ 6.36378225  1.49858956 -1.89917565]
 [ 6.34566948  1.51794511 -1.90279543]
 [ 6.29417637  1.51408451 -1.9015873 ]
 [ 6.3367616   1.52076003 -1.90279543]
 [ 6.31129816  1.50635593 -1.89677011]
 [ 6.35774919  1.49435028 -1.89677011]
 [ 6.3327246   1.50493653 -1.89917565]
 [ 6.35571541  1.49894292 -1.90038071]
 [ 6.24872804  1.51164432 -1.89797212]
 [ 6.29311454  1.5067043  -1.89797212]
 [ 6.27513244  1.50741002 -1.89797212]
 [ 6.32415085  1.50070621 -1.89677011]
 [ 6.34134742  1.51935257 -1.90279543]
 [ 6.32708068  1.50105857 -1.89797212]
 [ 6.37742466  1.49292786 -1.89437065]
 [ 6.28642916  1.51515152 -1.90038071]
 [ 6.3940917   1.49612403 -1.90038071]
 [ 6.24300549  1.51305575 -1.89797212]
 [ 6.41839736  1.49506347 -1.89917565]
 [ 6.3371251   1.52180028 -1.90400509]
 [ 6.50581105  1.50843882 -1.90400509]
 [ 6.33288251  1.50387597 -1.90038071]
 [ 6.40198997  1.49541931 -1.90038071]
 [ 6.33783277  1.52109705 -1.90400509]
 [ 6.25271848  1.51023289 -1.89797212]
 [ 6.28910918  1.51444679 -1.90038071]
 [ 6.28195577  1.5179704  -1.90038071]
 [ 6.38142223  1.49752999 -1.89797212]
 [ 6.4213837   1.49471459 -1.90038071]
 [ 6.42921668  1.49365303 -1.89917565]
 [ 6.25607358  1.50882145 -1.89797212]
 [ 6.49690126  1.49258998 -1.89797212]
 [ 6.28613356  1.51585624 -1.90038071]
 [ 6.25865605  1.50811574 -1.89797212]
 [ 6.41438594  1.50527797 -1.90279543]
 [ 6.39302692  1.5056338  -1.9015873 ]
 [ 6.50462205  1.50984529 -1.90400509]
 [ 6.48789377  1.49788732 -1.9015873 ]
 [ 6.40068473  1.49611856 -1.89797212]
 [ 6.35607507  1.49576271 -1.89677011]
 [ 6.33461324  1.52216749 -1.90279543]
 [ 6.25996991  1.51339915 -1.89917565]
 [ 6.24867504  1.50988701 -1.89677011]
 [ 6.25287526  1.50952717 -1.89797212]
 [ 6.33788734  1.5        -1.89917565]
 [ 6.38368844  1.4982382  -1.90038071]
 [ 6.53476648  1.49150142 -1.89197726]
 [ 6.29323903  1.51478873 -1.9015873 ]]Constraint violation: [[0.]
 [0.]
 [0.]
 [0.]
 [0.]
 [0.]
 [0.]
 [0.]
 [0.]
 [0.]
 [0.]
 [0.]
 [0.]
 [0.]
 [0.]
 [0.]
 [0.]
 [0.]
 [0.]
 [0.]
 [0.]
 [0.]
 [0.]
 [0.]
 [0.]
 [0.]
 [0.]
 [0.]
 [0.]
 [0.]
 [0.]
 [0.]
 [0.]
 [0.]
 [0.]
 [0.]
 [0.]
 [0.]
 [0.]
 [0.]
 [0.]
 [0.]
 [0.]
 [0.]
 [0.]
 [0.]
 [0.]
 [0.]
 [0.]
 [0.]
 [0.]
 [0.]
 [0.]
 [0.]
 [0.]
 [0.]
 [0.]
 [0.]
 [0.]
 [0.]
 [0.]
 [0.]
 [0.]
 [0.]
 [0.]
 [0.]
 [0.]
 [0.]
 [0.]
 [0.]
 [0.]
 [0.]
 [0.]
 [0.]
 [0.]
 [0.]
 [0.]
 [0.]
 [0.]
 [0.]
 [0.]
 [0.]
 [0.]
 [0.]
 [0.]
 [0.]
 [0.]
 [0.]
 [0.]
 [0.]
 [0.]
 [0.]
 [0.]
 [0.]
 [0.]
 [0.]
 [0.]
 [0.]
 [0.]
 [0.]]